slurm-58723720_10.out:Info: Params [-0.0128178   0.0835878   0.17001167  0.98209097 -0.14548511  0.85684281] gave 165.05045344280268
slurm-58723720_11.out:Info: Params [ 0.5         0.15870836  0.17873394  1.09925394 -0.01359082  0.63272744] gave 19.174627572778917
slurm-58723720_12.out:Info: Params [-0.4103733   0.23319398  0.20649622  0.97856844  0.06846714  0.82827717] gave 146.86467890248602
slurm-58723720_13.out:Info: Params [-0.5         0.16701537  0.22024127  1.14873887  0.04454367  0.73403743] gave 123.27174398922449
slurm-58723720_14.out:Info: Params [-0.31157876  0.15072695  0.10589794  1.34900003  0.20880229  0.73300006] gave 340.2121344827809
slurm-58723720_15.out:Info: Params [-0.49477436  0.09336639  0.20430636  1.11969511 -0.11308802  0.96708278] gave 215.26380298656477
slurm-58723720_16.out:Info: Params [-0.5         0.17446643  0.19790133  1.07270839  0.13407402  0.94548747] gave 216.36231329588543
slurm-58723720_17.out:Info: Params [0.5        0.10868065 0.11288092 1.05597145 0.04676514 0.64041831] gave 74.3819179099444
slurm-58723720_18.out:Info: Params [0.5        0.07588491 0.16655896 1.34425298 0.16354859 0.84357414] gave 325.00847987271516
slurm-58723720_19.out:Info: Params [ 0.5         0.05609138  0.07357148  1.38742849 -0.01749434  1.18043279] gave 293.43694986260346
slurm-58723720_1.out:Info: Params [-0.44821379  0.09291376  0.07642395  1.218       0.27557792  0.74066541] gave 214.3823693980226
slurm-58723720_20.out:Info: Params [-0.5         0.10753286  0.18574288  1.27963179  0.03217468  0.91425473] gave 271.7895492341021
slurm-58723720_21.out:Info: Params [0.5        0.30007018 0.30184364 1.40174696 0.11478445 0.73363392] gave 188.8291270570669
slurm-58723720_22.out:Info: Params [-0.5         0.14836093  0.22887215  1.41713188  0.00770102  0.67592377] gave 233.8147530446262
slurm-58723720_23.out:Info: Params [ 0.29430655  0.24045334  0.2312928   1.151      -0.11635662  0.8077822 ] gave 190.52235757759448
slurm-58723720_24.out:Info: Params [-0.5         0.31022814  0.25296296  1.10801731  0.17396315  0.65210114] gave 125.77098025366216
slurm-58723720_25.out:Info: Params [-0.5         0.2412819   0.18004801  1.2622662   0.11696512  0.74727835] gave 213.63925766593414
slurm-58723720_26.out:Info: Params [ 0.0688752   0.11732192  0.22859009  1.39083991 -0.01088965  0.77660082] gave 266.180837312678
slurm-58723720_27.out:Info: Params [-0.49551268  0.16080498  0.18526951  0.76364099 -0.21345764  0.55838494] gave 74.86740720183475
slurm-58723720_28.out:Info: Params [ 0.1580907   0.12878427  0.1427193   1.04312199 -0.03173451  0.83512722] gave 94.92076900099042
slurm-58723720_29.out:Info: Params [-0.0604482   0.18469102  0.19385462  1.21661718  0.25440989  0.84982802] gave 228.75796773853082
slurm-58723720_2.out:Info: Params [0.5        0.10233831 0.23616608 0.96401664 0.17095042 0.86967152] gave 186.80757144954976
slurm-58723720_30.out:Info: Params [-0.09190019  0.15628651  0.16873248  1.31799875 -0.0099338   1.02991428] gave 305.95128075905353
slurm-58723720_31.out:Info: Params [-0.06595636  0.1628338   0.16615941  1.21308348  0.10664436  0.94941224] gave 271.3397754217592
slurm-58723720_32.out:Info: Params [0.5        0.05679    0.08909179 1.39194009 0.03221175 0.82021883] gave 316.9464510250499
slurm-58723720_33.out:Info: Params [0.5        0.18684318 0.23280955 1.11296764 0.07461847 0.69958374] gave 220.9804912421834
slurm-58723720_34.out:Info: Params [-0.26553615  0.13048976  0.16766244  1.48713828  0.04226376  1.08377568] gave 242.6693042741189
slurm-58723720_35.out:Info: Params [-0.5         0.16714102  0.28685783  0.80800001 -0.31365111  0.67391532] gave -64.63328390226553
slurm-58723720_36.out:Info: Params [0.12251879 0.12515721 0.29038818 0.95100001 0.23347986 0.95514193] gave 120.27134116776004
slurm-58723720_37.out:Info: Params [-0.5         0.22511352  0.16542733  1.06410376  0.07294027  0.76201685] gave 208.43807439914036
slurm-58723720_38.out:Info: Params [-0.5         0.10492313  0.15323362  1.27183695 -0.03741488  0.82180044] gave 288.50979031605203
slurm-58723720_39.out:Info: Params [0.33217153 0.20140276 0.17274253 1.25766122 0.11031405 0.72122937] gave 218.9420685876381
slurm-58723720_3.out:Info: Params [0.19018416 0.25766995 0.30185797 0.90377883 0.07251612 0.7422957 ] gave 89.05692887880944
slurm-58723720_40.out:Info: Params [0.43596339 0.17780625 0.27056549 1.2227451  0.19634635 0.8738212 ] gave 203.23849182287674
slurm-58723720_41.out:Info: Params [-0.30111268  0.14826227  0.20632819  1.35626452  0.07028763  0.63108604] gave 192.40416958732717
slurm-58723720_42.out:Info: Params [-0.08949257  0.0956511   0.19652748  1.11204965 -0.17848769  0.74205129] gave 217.05693059567673
slurm-58723720_43.out:Info: Params [ 0.5         0.10905008  0.14290986  1.41       -0.11162021  0.80639962] gave 194.23032162775743
slurm-58723720_44.out:Info: Params [-0.5         0.150488    0.14862492  1.31972799 -0.26643012  0.64627207] gave 267.6432681797832
slurm-58723720_45.out:Info: Params [ 0.5         0.05856985  0.08514726  1.3777764  -0.17560108  0.83872863] gave 331.8152603228003
slurm-58723720_46.out:Info: Params [-0.5         0.26229326  0.14247838  0.95839213  0.07400935  0.63445849] gave 120.25388945002466
slurm-58723720_47.out:Info: Params [-0.5         0.14181122  0.17529196  1.5         0.03669213  0.70656992] gave 222.4958454292752
slurm-58723720_48.out:Info: Params [-0.36629604  0.22962176  0.22197225  0.9132379   0.19685353  0.66632138] gave 127.97756655844422
slurm-58723720_4.out:Info: Params [-0.3248859   0.13798398  0.1781424   1.41344548 -0.01145091  0.83215791] gave 203.05299206092408
slurm-58723720_50.out:Info: Params [ 0.4749235   0.08084424  0.17124153  1.23344373 -0.17392552  0.79644557] gave 303.33065972037156
slurm-58723720_51.out:Info: Params [ 0.5         0.0780463   0.12976819  1.5        -0.06774033  0.76200133] gave 306.07021879120566
slurm-58723720_52.out:Info: Params [-0.03205589  0.23536708  0.21455315  1.09434865  0.18352775  0.72497276] gave 227.64233285780557
slurm-58723720_53.out:Info: Params [ 0.33266562  0.06540731  0.08884559  1.24305153 -0.11632757  0.77596779] gave 318.49179294065124
slurm-58723720_54.out:Info: Params [-0.48489148  0.24239151  0.23673526  1.14654897 -0.24169884  0.82929221] gave 164.40980207478037
slurm-58723720_5.out:Info: Params [0.13867052 0.17742435 0.18339025 1.45029558 0.12964206 0.92051074] gave 306.7144249637744
slurm-58723720_6.out:Info: Params [0.5        0.13617254 0.15756514 1.20799991 0.05192201 0.64362257] gave 76.39626740187828
slurm-58723720_7.out:Info: Params [-0.0713115   0.34689042  0.33234724  1.04565847 -0.00702706  0.7228367 ] gave 88.21905622374119
slurm-58723720_8.out:Info: Params [-0.5         0.14544458  0.18927     1.29735915  0.01427731  0.71652083] gave 195.3664060293382
slurm-58723720_9.out:Info: Params [-0.06358533  0.1643072   0.15514464  1.22218709  0.08536235  1.01925982] gave 300.1484356037008
